# heroId, skinId, fixSkinId (0 = lock only, >0 = fix khi bật SSS)
130, 11, 0
536, 12, 0
543, 9, 0
543, 7, 0
548, 5, 0
598, 2, 0
524, 14, 0
171, 8, 0
159, 5, 0
152, 17, 0
199, 9, 0
521, 13, 0
108, 12, 0
132, 10, 0
132, 13, 0
132, 15, 0
538, 6, 0
136, 9, 0
136, 13, 0
106, 20, 0
106, 11, 0
141, 20, 0
141, 11, 0
150, 16, 0
150, 15, 0
150, 13, 0
142, 14, 0
137, 6, 0
528, 9, 0
174, 8, 0
501, 19, 0
501, 20, 0
190, 16, 0
109, 15, 0
111, 10, 0
111, 13, 0
111, 15, 0
111, 19, 0
111, 20, 0
112, 15, 0
545, 7, 0

# Ví dụ fix đặc biệt (nếu muốn đưa cả vào GitHub)
599, 1, 2
599, 2, 2
599, 3, 2
